0000000000000000000000000000000000001000
0000000000000000000000000000000000010100
0000000000000000000000000000000000000000
0000000000000000000000000000000000111100
0000000000000000000011100000000000001001
0000000000000000000011100000000110111111
0000000000000000001110000000000000000001
0000000000000000000000000000000000110000
0000000000000000000000000000000110000000
0000000000000000000110000000000000010000
0000000000000000011011100000000001110000
0000000000000000001000100000000000000000
0000000000000000001100100000000000000000
0000000000000000000011000000000000000000
0000000000000000000000000000000000000000
0000000000000000000000000000000000000000
0000000000000000000000000000000000000000
0000000000000000000000000000000000000000
0010000000000000000011000000000000000000
0111100000000000000011000000000000000000
0000100000000000010000000000000000000000
1111000000000000010000000000000000000000
0000000000000000000000011000000000000000
1110000100000000000000101000000000000000
0100001010000000000000000010000000000000
0000000000011000000000000111000000000000
0000000000010000000000001000010000000000
0000000000000000000000000000010000000000
0000000000000000000000010000010000000000
0000000000000000000001100011000000000000
0000000000000000000010000000000000000000
0000000000000000000001000100000000000000
0000000110000000000001001000000000000000
0000001001000000000000111000000000000000
0000000110000000000000000000000000000000
0000000000000000000000000000000000000000
0000000000000000000000000111000000001100
0000000000000000000000000000000000001100
0000000000000000000000000000000000000000
0000000000000000000000000000000000000000
